E1,E2,E3,E4,E5,24-bit color
0.6517,0.1009,0.1498,0.0483,0.0492,16773825
0.6489,0.0502,0.203,0.0491,0.0488,16771788
0.051,0.4007,0.4002,0.0981,0.0499,16771288
0.304,0.0477,0.5034,0.0466,0.0983,16771278
0.0466,0.3516,0.4501,0.1011,0.0506,16770518
0.3015,0.0956,0.4518,0.0502,0.1009,16770510
0.751,0.0493,0.0483,0.0989,0.0524,16573101
0.0484,0.6508,0.152,0.099,0.0498,16380655
0.0502,0.5997,0.1974,0.1001,0.0527,16379885
0.0468,0.3012,0.4994,0.0986,0.0539,16377297
0.7015,0.0976,0.0501,0.1011,0.0496,16377266
0.3001,0.1493,0.3997,0.0527,0.0982,16376536
0.0506,0.25,0.5524,0.098,0.049,16376524
0.0496,0.2019,0.6026,0.0974,0.0484,16376006
0.8023,0.0461,0.0491,0.0499,0.0526,16375983
0.0512,0.149,0.6476,0.0992,0.0529,16374724
0.0492,0.7504,0.0508,0.0999,0.0497,16249583
0.0977,0.5497,0.199,0.1023,0.0513,16248293
0.5983,0.0512,0.1489,0.1018,0.0997,16248255
0.0516,0.5519,0.2528,0.0974,0.0463,16247528
0.0494,0.4978,0.3001,0.1044,0.0483,16247010
0.0488,0.4507,0.3512,0.0997,0.0496,16246240
0.3013,0.201,0.3478,0.0498,0.1,16245462
0.6485,0.1507,0.0483,0.102,0.0504,16244911
0.6551,0.0996,0.1005,0.0967,0.0481,16242349
0.0509,0.6482,0.1021,0.0467,0.1521,16053480
0.0483,0.7019,0.1003,0.097,0.0525,16052973
0.0529,0.7999,0.0495,0.0497,0.0481,16051690
0.0523,0.7002,0.05,0.0485,0.149,16051682
0.0973,0.4518,0.2992,0.1018,0.0499,16050395
0.601,0.2001,0.0993,0.0502,0.0494,16050374
0.5511,0.1978,0.1488,0.0535,0.0488,16050357
0.0981,0.4015,0.3535,0.0973,0.0497,16049627
0.5505,0.147,0.2021,0.0501,0.0503,16049589
0.5508,0.1013,0.25,0.0499,0.048,16049586
0.2476,0.1027,0.4991,0.0506,0.1,16047576
0.2996,0.2494,0.3017,0.0495,0.0999,16047566
0.0499,0.102,0.699,0.1004,0.0487,16047561
0.2468,0.1516,0.4511,0.0496,0.1009,16047059
0.1008,0.647,0.0515,0.148,0.0527,15921898
0.097,0.5983,0.1004,0.1509,0.0535,15921128
0.1033,0.5494,0.1471,0.1521,0.0481,15920613
0.1005,0.7054,0.0972,0.046,0.0508,15920613
0.0503,0.7533,0.1006,0.0485,0.0472,15919848
0.0499,0.5506,0.1976,0.1517,0.0501,15919845
0.1014,0.5012,0.1999,0.1489,0.0485,15919842
0.1,0.6457,0.1501,0.0505,0.0538,15919842
0.0474,0.5038,0.2509,0.1506,0.0473,15919333
0.0491,0.7015,0.1498,0.0502,0.0494,15919333
0.6068,0.2518,0.0459,0.049,0.0464,15919292
0.0438,0.6536,0.2041,0.0505,0.048,15918562
0.0981,0.5019,0.2501,0.1,0.0499,15917275
0.1,0.4012,0.4006,0.0504,0.0479,15917272
0.1011,0.349,0.4026,0.0976,0.0498,15917270
0.5983,0.0472,0.1032,0.2024,0.0489,15917239
0.6532,0.0509,0.0449,0.201,0.05,15917239
0.6005,0.1979,0.0495,0.0997,0.0524,15917231
0.1005,0.2994,0.4522,0.0987,0.0491,15916499
0.295,0.3017,0.2508,0.0516,0.1009,15916494
0.7003,0.0504,0.0495,0.1496,0.0501,15916469
0.2526,0.3006,0.2994,0.0488,0.0986,15915985
0.2528,0.2507,0.3496,0.0492,0.0976,15915214
0.2499,0.2018,0.3992,0.0495,0.0996,15914700
0.3012,0.047,0.4009,0.0986,0.1523,15914689
0.2483,0.0511,0.5526,0.0493,0.0987,15913934
0.5984,0.0498,0.2472,0.0508,0.0539,15912601
0.6024,0.1503,0.0984,0.1011,0.0477,15912580
0.1472,0.6003,0.048,0.1516,0.0529,15724517
0.0503,0.6485,0.1035,0.149,0.0486,15724005
0.0473,0.6998,0.0529,0.1519,0.0481,15724005
0.1987,0.6504,0.0507,0.0497,0.0505,15724005
0.1506,0.6993,0.0499,0.0504,0.0498,15724002
0.2503,0.5024,0.051,0.1497,0.0465,15723997
0.0509,0.5978,0.1476,0.1521,0.0516,15723234
0.1504,0.6495,0.0997,0.0489,0.0515,15723232
0.3542,0.4001,0.0484,0.1475,0.0498,15723217
0.4006,0.2984,0.0504,0.1982,0.0524,15723204
0.0519,0.4005,0.3476,0.1504,0.0495,15722722
0.0495,0.4517,0.299,0.1479,0.0519,15722722
0.0999,0.4518,0.2528,0.147,0.0486,15722720
0.1499,0.5991,0.1488,0.0519,0.0503,15722717
0.0478,0.6518,0.1525,0.0512,0.0967,15722715
0.4006,0.4489,0.0524,0.049,0.0492,15722700
0.4956,0.3535,0.0494,0.0529,0.0485,15722684
0.0505,0.2979,0.4512,0.1526,0.0477,15721952
0.0522,0.3511,0.3984,0.1492,0.0491,15721952
0.1005,0.7531,0.0486,0.0497,0.0482,15721952
0.0978,0.4015,0.303,0.1475,0.0502,15721949
0.0987,0.5978,0.2016,0.0489,0.053,15721949
0.1487,0.5516,0.1999,0.0486,0.0513,15721949
0.0998,0.5521,0.2503,0.0479,0.0499,15721947
0.0503,0.5538,0.0483,0.1003,0.2474,15721937
0.6027,0.0981,0.0465,0.2004,0.0523,15721914
0.0473,0.0482,0.7043,0.149,0.0512,15721181
0.0485,0.1991,0.5526,0.1489,0.051,15721181
0.0483,0.2488,0.4988,0.1545,0.0496,15721181
0.1,0.3483,0.3487,0.1494,0.0536,15721179
0.0988,0.5011,0.3005,0.0477,0.0519,15721176
0.2519,0.3985,0.1974,0.0493,0.1029,15721174
0.246,0.4541,0.1489,0.0524,0.0985,15721171
0.1997,0.4475,0.2483,0.0528,0.0517,15721166
0.0999,0.3004,0.3991,0.1503,0.0503,15720667
0.1001,0.4511,0.3487,0.05,0.0501,15720662
0.3013,0.3522,0.1989,0.0483,0.0994,15720662
0.2497,0.5004,0.1003,0.0481,0.1016,15720654
0.2005,0.4019,0.3007,0.0487,0.0483,15720649
0.0999,0.3502,0.4522,0.0502,0.0475,15719894
0.2523,0.3503,0.2509,0.0498,0.0967,15719891
0.601,0.1505,0.0498,0.1494,0.0493,15719861
0.0986,0.2509,0.5018,0.1008,0.0479,15719374
0.1004,0.2001,0.5493,0.0991,0.0511,15718606
0.2468,0.051,0.4508,0.1006,0.1509,15717324
0.2985,0.0994,0.351,0.1008,0.1503,15717311
0.695,0.0509,0.102,0.1017,0.0503,15715478
0.2986,0.0522,0.4523,0.0452,0.1516,15713985
0.0473,0.7512,0.049,0.0528,0.0998,15593440
0.0999,0.6989,0.0528,0.0495,0.0989,15593440
0.0476,0.7,0.1011,0.0509,0.1004,15592925
0.3011,0.5468,0.0497,0.0513,0.051,15592920
0.3018,0.4503,0.0493,0.1506,0.0479,15592915
0.047,0.5539,0.0501,0.2519,0.0971,15592162
0.1002,0.5537,0.0991,0.1972,0.0498,15592162
0.1514,0.4993,0.0985,0.1994,0.0514,15592160
0.0945,0.6497,0.1011,0.0514,0.1034,15592155
0.2513,0.4488,0.0504,0.2008,0.0487,15592152
0.2984,0.3997,0.0536,0.1986,0.0496,15592150
0.349,0.5007,0.0497,0.0527,0.0479,15592145
0.3497,0.3496,0.0516,0.2021,0.047,15592142
0.3995,0.3519,0.0489,0.1475,0.0523,15592140
0.0509,0.4498,0.1487,0.2514,0.0993,15591648
0.0523,0.4993,0.0985,0.251,0.0988,15591648
0.4516,0.2507,0.0482,0.2003,0.0493,15591622
0.4489,0.3961,0.0488,0.0521,0.0541,15591622
0.4507,0.2979,0.0501,0.1519,0.0494,15591617
0.5009,0.2517,0.0512,0.1492,0.047,15591617
0.4986,0.2019,0.0486,0.2003,0.0506,15591615
0.0513,0.4998,0.3013,0.0483,0.0994,15590875
0.048,0.5033,0.2004,0.1989,0.0494,15590109
0.0498,0.1019,0.6501,0.1487,0.0495,15590107
0.0544,0.1501,0.5925,0.1496,0.0535,15590107
0.5476,0.0989,0.0522,0.2501,0.0512,15590076
0.5442,0.3012,0.053,0.0507,0.0509,15590076
0.096,0.2515,0.45,0.151,0.0514,15589592
0.5523,0.248,0.1013,0.0488,0.0496,15589554
0.0991,0.2,0.4972,0.153,0.0507,15588822
0.2021,0.3537,0.3498,0.0464,0.0482,15588806
0.5512,0.0493,0.0505,0.2476,0.1014,15588794
0.1475,0.5023,0.2506,0.0495,0.05,15588307
0.049,0.1491,0.648,0.05,0.1039,15588302
0.202,0.4484,0.1995,0.0482,0.1019,15588294
0.2002,0.3003,0.4,0.0503,0.0492,15588289
0.1496,0.3973,0.3488,0.0545,0.0498,15587537
0.1496,0.4514,0.3016,0.0478,0.0496,15587537
0.0516,0.1997,0.6474,0.0529,0.0484,15587534
0.1506,0.3501,0.4042,0.0462,0.0488,15587534
0.0489,0.1012,0.7004,0.0527,0.0967,15587532
0.0516,0.1496,0.6995,0.0511,0.0482,15587532
0.1471,0.1505,0.6021,0.0491,0.0512,15587532
0.0507,0.0532,0.7505,0.047,0.0986,15587529
0.1999,0.2497,0.4548,0.0491,0.0464,15587519
0.5994,0.0496,0.0505,0.2494,0.0511,15587519
0.6468,0.102,0.0506,0.15,0.0506,15587498
0.148,0.3015,0.4522,0.0507,0.0476,15587022
0.1036,0.1506,0.5993,0.0969,0.0496,15587020
0.1501,0.0987,0.6512,0.0488,0.0512,15587020
0.148,0.1992,0.55,0.0549,0.0478,15587020
0.1497,0.2494,0.5037,0.0479,0.0492,15587020
0.0504,0.2503,0.5531,0.0495,0.0967,15587017
0.0475,0.2006,0.6047,0.05,0.0972,15587014
0.1991,0.4017,0.2511,0.0499,0.0982,15587009
0.2015,0.199,0.4981,0.0484,0.0529,15587004
0.1002,0.1021,0.6474,0.1016,0.0487,15586249
0.1489,0.0547,0.698,0.0488,0.0496,15586249
0.2511,0.1026,0.3998,0.0967,0.1497,15586249
0.199,0.3484,0.3011,0.0504,0.1011,15586239
0.2961,0.1509,0.3024,0.101,0.1496,15586236
0.1998,0.1532,0.5467,0.0496,0.0508,15586231
0.6009,0.099,0.1005,0.1493,0.0502,15586223
0.2003,0.2985,0.3509,0.0519,0.0983,15585729
0.6515,0.0515,0.0982,0.1508,0.048,15584938
0.0517,0.5975,0.0534,0.0984,0.1991,15395549
0.399,0.2495,0.0529,0.2466,0.052,15395014
0.0498,0.352,0.2498,0.2481,0.1003,15394269
0.0516,0.4012,0.2015,0.2497,0.096,15394269
0.0515,0.3991,0.2986,0.199,0.0518,15394269
0.0994,0.3497,0.3006,0.203,0.0474,15394267
0.2021,0.598,0.0477,0.0525,0.0997,15394264
0.0974,0.5992,0.1519,0.0524,0.0991,15394259
0.4501,0.2011,0.0486,0.2503,0.0499,15394244
0.0491,0.2999,0.4013,0.2007,0.049,15393499
0.0489,0.3501,0.3483,0.2006,0.0521,15393499
0.1007,0.303,0.3466,0.2006,0.0491,15393499
0.0536,0.6018,0.1956,0.0479,0.1011,15393494
0.2006,0.5487,0.0993,0.0507,0.1008,15393491
0.2005,0.5539,0.0456,0.1518,0.0481,15393481
0.3023,0.3,0.0984,0.2511,0.0482,15393476
0.399,0.1472,0.05,0.3517,0.0521,15393476
0.5482,0.2015,0.0499,0.0995,0.1009,15393466
0.0521,0.6488,0.0994,0.0996,0.1001,15392989
0.0483,0.2524,0.4498,0.2012,0.0484,15392987
0.0504,0.5975,0.1484,0.1035,0.1002,15392987
0.1031,0.5496,0.0485,0.2482,0.0507,15392984
0.0503,0.2512,0.5016,0.0466,0.1502,15392979
0.0459,0.3029,0.4517,0.0489,0.1506,15392979
0.0512,0.4526,0.3507,0.0485,0.0971,15392979
0.0983,0.5545,0.1983,0.0514,0.0975,15392979
0.4984,0.0989,0.0497,0.2998,0.0533,15392966
0.2505,0.6006,0.0481,0.0512,0.0495,15392956
0.0516,0.3997,0.4033,0.046,0.0994,15392211
0.052,0.1499,0.6007,0.0497,0.1478,15392209
0.0501,0.2042,0.5504,0.0476,0.1477,15392209
0.1992,0.502,0.1484,0.0486,0.1018,15392209
0.5549,0.1501,0.0983,0.0975,0.0992,15392196
0.5453,0.2014,0.0487,0.1509,0.0537,15392168
0.0522,0.3468,0.4506,0.0522,0.0983,15391697
0.5017,0.1005,0.1982,0.1037,0.0959,15391663
0.5992,0.1498,0.1499,0.0504,0.0507,15390903
0.5015,0.1027,0.0459,0.251,0.099,15390901
0.5007,0.0505,0.2484,0.0988,0.1017,15390893
0.0504,0.0981,0.7502,0.0543,0.0468,15390409
0.2985,0.2035,0.2498,0.0997,0.1485,15390409
0.049,0.0497,0.8004,0.0516,0.0493,15390406
0.6025,0.0981,0.201,0.0485,0.0499,15390391
0.5495,0.15,0.1005,0.15,0.0499,15389593
0.0996,0.0493,0.7007,0.0977,0.0526,15389126
0.2008,0.0988,0.6011,0.0488,0.0505,15389109
0.5019,0.0526,0.0991,0.2471,0.0992,15389103
0.2468,0.2508,0.3031,0.0515,0.1478,15388351
0.1975,0.0533,0.6475,0.0498,0.0519,15388341
0.2525,0.2006,0.3469,0.0502,0.1498,15387834
0.2501,0.1487,0.4022,0.0484,0.1507,15386295
0.1997,0.1543,0.4471,0.0496,0.1493,15386293
0.2015,0.1024,0.5005,0.0485,0.1472,15385778
0.249,0.1014,0.4517,0.0481,0.1498,15385778
0.2009,0.3023,0.049,0.351,0.0968,15263958
0.0479,0.6055,0.0458,0.2502,0.0506,15263197
0.0494,0.4496,0.1001,0.3008,0.1001,15263195
0.0465,0.5029,0.0486,0.3008,0.1011,15263195
0.1503,0.3993,0.0487,0.3,0.1017,15263195
0.1514,0.5494,0.0494,0.1984,0.0513,15263195
0.0476,0.6554,0.0493,0.2008,0.0469,15262427
0.0481,0.6987,0.0517,0.1018,0.0997,15262427
0.0496,0.3985,0.1509,0.2997,0.1013,15262424
0.1039,0.251,0.3987,0.1991,0.0473,15262424
0.1478,0.5532,0.1006,0.0971,0.1014,15262422
0.1525,0.5991,0.0486,0.0993,0.1005,15262422
0.2485,0.2496,0.0518,0.3485,0.1016,15262409
0.302,0.1974,0.0498,0.3514,0.0994,15262409
0.3506,0.2982,0.048,0.252,0.0512,15262409
0.0504,0.1518,0.552,0.2006,0.0451,15261915
0.0487,0.1994,0.4988,0.2007,0.0525,15261915
0.0492,0.0479,0.6557,0.1996,0.0477,15261912
0.0504,0.1008,0.5983,0.2015,0.049,15261912
0.0982,0.2005,0.4518,0.1988,0.0507,15261912
0.0495,0.4526,0.2469,0.2014,0.0496,15261910
0.0991,0.4984,0.2006,0.1019,0.1,15261910
0.1484,0.4976,0.1506,0.1009,0.1025,15261907
0.0507,0.5503,0.2522,0.0502,0.0967,15261905
0.3481,0.1473,0.0533,0.3988,0.0525,15261894
0.3491,0.401,0.0517,0.0992,0.099,15261894
0.3991,0.1001,0.0488,0.349,0.1029,15261889
0.0467,0.552,0.1987,0.1006,0.1019,15261144
0.1,0.4519,0.247,0.1023,0.0989,15261139
0.0515,0.1008,0.6478,0.0487,0.1511,15261137
0.1525,0.4487,0.1997,0.0968,0.1024,15261137
0.0535,0.3994,0.0495,0.1465,0.3511,15261121
0.402,0.051,0.0521,0.3977,0.0972,15261121
0.4517,0.0474,0.0495,0.3498,0.1016,15261119
0.1011,0.1511,0.5999,0.0475,0.1004,15260630
0.0997,0.0985,0.6548,0.0496,0.0974,15260627
0.0974,0.1468,0.5008,0.201,0.0541,15260627
0.0974,0.1994,0.5538,0.0497,0.0997,15260627
0.1036,0.0494,0.6988,0.0474,0.1008,15260625
0.1008,0.398,0.2986,0.1013,0.1013,15260625
0.0489,0.0514,0.7033,0.0466,0.1498,15260622
0.051,0.3,0.4975,0.0496,0.1019,15260622
0.1028,0.4938,0.2543,0.0476,0.1015,15260622
0.1519,0.4005,0.2494,0.0973,0.1009,15260622
0.0982,0.3933,0.3044,0.0512,0.153,15260617
0.1471,0.4,0.2513,0.0527,0.1489,15260617
0.5028,0.0502,0.0461,0.2997,0.1012,15260604
0.1972,0.4977,0.0496,0.2031,0.0524,15260599
0.5489,0.1521,0.0483,0.1989,0.0517,15260586
0.0977,0.5506,0.1477,0.1005,0.1035,15259857
0.0993,0.2524,0.502,0.0481,0.0983,15259854
0.102,0.4509,0.2984,0.0482,0.1005,15259854
0.1488,0.5498,0.1501,0.0504,0.1009,15259849
0.453,0.1506,0.047,0.2514,0.0981,15259816
0.1503,0.5001,0.201,0.0511,0.0975,15259334
0.5467,0.048,0.0513,0.3025,0.0515,15259329
0.1492,0.4525,0.2468,0.053,0.0986,15258049
0.1942,0.2051,0.4027,0.0479,0.1502,15255991
0.5516,0.1006,0.1476,0.1492,0.0511,15255945
0.1992,0.2508,0.3977,0.0544,0.098,15255218
0.2015,0.0464,0.5503,0.0529,0.1489,15252136
0.6529,0.05,0.1483,0.0996,0.0491,15247451
0.0991,0.6022,0.0514,0.099,0.1484,15066582
0.1987,0.3465,0.0516,0.3025,0.1007,15066582
0.0502,0.3517,0.1995,0.3,0.0986,15065816
0.1995,0.5499,0.0516,0.0993,0.0997,15065816
0.0969,0.4998,0.0507,0.3015,0.0512,15065814
0.2016,0.3968,0.0511,0.3033,0.0472,15065806
0.2497,0.2012,0.0503,0.3973,0.1015,15065806
0.2499,0.3023,0.0485,0.3001,0.0992,15065806
0.2991,0.4494,0.0508,0.0969,0.1038,15065806
0.3011,0.2505,0.0491,0.2986,0.1007,15065801
0.0508,0.2962,0.2512,0.3056,0.0961,15065304
0.0519,0.2002,0.3487,0.3019,0.0973,15065302
0.0502,0.2524,0.2989,0.2985,0.1,15065302
0.1992,0.2533,0.0482,0.4019,0.0975,15065297
0.2027,0.4527,0.045,0.2516,0.0481,15065297
0.2489,0.5028,0.0477,0.0977,0.1029,15065297
0.2497,0.3524,0.1005,0.2477,0.0498,15065292
0.2514,0.4002,0.0498,0.249,0.0496,15065292
0.299,0.1541,0.05,0.3979,0.0991,15065289
0.3511,0.1511,0.0497,0.3482,0.0999,15065286
0.3482,0.1983,0.0519,0.3004,0.1012,15065284
0.052,0.0508,0.5943,0.2519,0.0509,15064536
0.0493,0.1515,0.4008,0.2982,0.1001,15064536
0.05,0.0966,0.4525,0.3013,0.0997,15064534
0.0469,0.4018,0.3018,0.1008,0.1486,15064529
0.1514,0.6478,0.0496,0.0527,0.0986,15064529
0.2489,0.1022,0.0492,0.5493,0.0504,15064524
0.1534,0.3484,0.0487,0.3509,0.0986,15064518
0.3498,0.1992,0.1011,0.2995,0.0505,15064513
0.2997,0.3473,0.0501,0.2524,0.0505,15064511
0.4491,0.3002,0.0482,0.1007,0.1019,15064503
0.0483,0.2997,0.3524,0.2491,0.0504,15064019
0.098,0.5991,0.049,0.2046,0.0492,15064019
0.1491,0.3492,0.2999,0.1014,0.1005,15064014
0.1527,0.595,0.102,0.0501,0.1003,15064014
0.4508,0.0502,0.1007,0.3524,0.0461,15064014
0.5022,0.2494,0.0492,0.0996,0.0996,15063994
0.1011,0.0977,0.5496,0.2011,0.0504,15063251
0.0994,0.6497,0.0484,0.1,0.1025,15063249
0.0976,0.3519,0.3505,0.0988,0.1012,15063246
0.2497,0.3502,0.149,0.1002,0.1509,15063246
0.0997,0.3526,0.3481,0.0513,0.1482,15063244
0.1501,0.302,0.3509,0.0982,0.0989,15063244
0.4506,0.1013,0.0512,0.2984,0.0985,15063226
0.4999,0.1514,0.0461,0.2534,0.0492,15063213
0.098,0.0505,0.5997,0.1999,0.0519,15062739
0.0995,0.5977,0.1017,0.099,0.1021,15062737
0.1004,0.2503,0.4483,0.0995,0.1016,15062734
0.0978,0.3027,0.4025,0.101,0.096,15062732
0.2511,0.3028,0.1995,0.1007,0.146,15062732
0.1514,0.2488,0.402,0.0964,0.1014,15062729
0.199,0.4505,0.0979,0.0985,0.1541,15062726
0.1488,0.3497,0.3004,0.0481,0.1529,15062724
0.2028,0.3973,0.1461,0.102,0.1517,15062724
0.5021,0.0524,0.1484,0.1498,0.1474,15062721
0.1967,0.2513,0.2979,0.1043,0.1498,15061961
0.2481,0.251,0.253,0.1007,0.1472,15061961
0.2001,0.3018,0.2483,0.0982,0.1516,15061958
0.5021,0.048,0.0996,0.2996,0.0508,15061956
0.15,0.202,0.4507,0.0967,0.1007,15061449
0.2514,0.2006,0.3015,0.0987,0.1478,15061446
0.1525,0.2991,0.3471,0.0523,0.1491,15061439
0.2012,0.199,0.3505,0.0986,0.1506,15060678
0.2021,0.1464,0.4546,0.0983,0.0985,15060663
0.2513,0.1498,0.3469,0.1037,0.1483,15059391
0.1995,0.0999,0.5502,0.0489,0.1015,15058095
0.1981,0.2018,0.4474,0.0492,0.1036,15058090
0.2495,0.05,0.5023,0.0505,0.1477,15056042
0.0513,0.5462,0.102,0.1021,0.1983,14869974
0.0488,0.6515,0.0501,0.0982,0.1514,14869974
0.0462,0.3511,0.0495,0.4017,0.1515,14869208
0.0478,0.6046,0.1002,0.0993,0.1481,14869203
0.0477,0.3011,0.0982,0.4007,0.1523,14868694
0.0518,0.4511,0.0492,0.3463,0.1016,14868694
0.0999,0.3995,0.0497,0.35,0.101,14868691
0.101,0.4491,0.0506,0.349,0.0502,14868691
0.151,0.1481,0.0531,0.4967,0.151,14868689
0.0998,0.5494,0.104,0.0994,0.1474,14868686
0.2475,0.1487,0.0541,0.4484,0.1014,14868684
0.0479,0.0506,0.5002,0.3029,0.0984,14867926
0.0512,0.2008,0.2982,0.3502,0.0996,14867926
0.0959,0.4539,0.0514,0.3009,0.0979,14867926
0.1022,0.4473,0.1509,0.251,0.0486,14867926
0.0516,0.1494,0.3496,0.3495,0.0999,14867923
0.0521,0.2497,0.1493,0.3985,0.1503,14867923
0.0484,0.5513,0.0501,0.3001,0.05,14867921
0.1479,0.4015,0.1517,0.2493,0.0496,14867921
0.0541,0.4479,0.0495,0.1497,0.2988,14867918
0.1518,0.3973,0.0538,0.346,0.0511,14867918
0.1975,0.4025,0.0991,0.2492,0.0517,14867918
0.2533,0.0981,0.0495,0.4987,0.1006,14867916
0.2509,0.3509,0.0489,0.3006,0.0487,14867916
0.3013,0.3033,0.0462,0.3,0.0492,14867908
0.4017,0.3488,0.0498,0.0981,0.1016,14867905
0.0503,0.2003,0.2013,0.4007,0.1473,14867411
0.0509,0.2988,0.1985,0.3499,0.1018,14867411
0.0977,0.3482,0.103,0.3526,0.0985,14867411
0.048,0.2507,0.2509,0.3495,0.1008,14867409
0.0477,0.4999,0.2028,0.0991,0.1506,14867406
0.1512,0.0516,0.0493,0.6996,0.0483,14867406
0.3023,0.0511,0.0476,0.498,0.101,14867404
0.0506,0.3515,0.4003,0.0486,0.1489,14867401
0.0971,0.4986,0.1497,0.105,0.1496,14867401
0.1472,0.5035,0.0507,0.2499,0.0487,14867396
0.3495,0.2508,0.0497,0.2984,0.0516,14867391
0.401,0.2,0.0475,0.3,0.0516,14867388
0.4478,0.1502,0.0515,0.2999,0.0506,14867383
0.3979,0.1527,0.0522,0.3006,0.0965,14867381
0.0476,0.2504,0.4009,0.249,0.0522,14866641
0.049,0.5015,0.1506,0.1514,0.1475,14866641
0.0519,0.3526,0.3476,0.0973,0.1507,14866636
0.3505,0.0455,0.0519,0.4526,0.0996,14866630
0.1541,0.4498,0.0484,0.2999,0.0479,14866623
0.4482,0.1007,0.0988,0.2989,0.0533,14866618
0.0513,0.1008,0.5465,0.2489,0.0525,14866121
0.1001,0.4544,0.1984,0.0996,0.1475,14866118
0.4983,0.1008,0.1027,0.1484,0.1497,14866101
0.5033,0.2001,0.0984,0.1009,0.0973,14866093
0.1008,0.3018,0.401,0.0483,0.1481,14865350
0.0535,0.2462,0.0529,0.2003,0.4472,14865330
0.4973,0.152,0.1533,0.0981,0.0993,14865320
0.0518,0.0503,0.6496,0.0982,0.1501,14864838
0.1984,0.3558,0.1994,0.096,0.1504,14864831
0.2487,0.0536,0.3479,0.1494,0.2004,14864073
0.1523,0.0496,0.5987,0.1005,0.0989,14864070
0.1505,0.1003,0.5492,0.1026,0.0974,14864070
0.152,0.1516,0.4988,0.0983,0.0993,14864070
0.1504,0.3501,0.2496,0.1016,0.1483,14864063
0.1507,0.2473,0.4022,0.0504,0.1494,14863548
0.2033,0.1019,0.4967,0.1006,0.0976,14863541
0.201,0.2535,0.347,0.0499,0.1486,14862783
0.1996,0.051,0.5494,0.0975,0.1026,14862773
0.1481,0.4003,0.3021,0.0514,0.0981,14862015
0.149,0.1996,0.4511,0.0524,0.1478,14862010
0.1995,0.1501,0.3982,0.1002,0.1519,14862007
0.2003,0.0515,0.599,0.0534,0.0959,14860717
0.2034,0.1501,0.5015,0.0483,0.0967,14860200
0.6,0.0487,0.1512,0.1472,0.0529,14856818
0.0508,0.1,0.4007,0.3502,0.0983,14736851
0.0491,0.2512,0.1001,0.4493,0.1502,14736851
0.0481,0.2995,0.0536,0.45,0.1489,14736851
0.0977,0.1486,0.0471,0.5568,0.1499,14736849
0.1001,0.3486,0.0502,0.4026,0.0986,14736849
0.15,0.0989,0.052,0.5506,0.1485,14736846
0.1474,0.2976,0.051,0.4057,0.0982,14736846
0.2021,0.1006,0.0478,0.4999,0.1497,14736846
0.1986,0.3538,0.0462,0.3507,0.0507,14736841
0.0487,0.0502,0.4508,0.3496,0.1006,14736339
0.051,0.4926,0.0526,0.3522,0.0516,14736337
0.0522,0.5493,0.1001,0.2493,0.049,14736337
0.0521,0.6008,0.0499,0.1468,0.1503,14736337
0.1003,0.0987,0.0486,0.6046,0.1478,14736337
0.0477,0.5464,0.1519,0.1038,0.1501,14736334
0.0985,0.4987,0.102,0.2479,0.0529,14736334
0.1515,0.0497,0.0508,0.5962,0.1518,14736334
0.1482,0.0525,0.0493,0.6496,0.1004,14736334
0.2005,0.5003,0.047,0.0986,0.1536,14736334
0.1033,0.2,0.052,0.4958,0.1489,14736332
0.1512,0.2488,0.0984,0.4018,0.0998,14736332
0.1479,0.2007,0.0495,0.502,0.1,14736329
0.1498,0.3512,0.0498,0.3998,0.0493,14736329
0.2013,0.2011,0.0525,0.4461,0.0991,14736329
0.2494,0.0504,0.0491,0.4994,0.1517,14736329
0.25,0.2473,0.1524,0.3015,0.0488,14736326
0.0516,0.4483,0.0522,0.3994,0.0484,14735569
0.2997,0.0986,0.0505,0.5011,0.0501,14735556
0.3024,0.2455,0.1014,0.2997,0.0511,14735553
0.3518,0.1004,0.0492,0.3991,0.0996,14735548
0.049,0.4496,0.1985,0.1526,0.1502,14735057
0.0518,0.1991,0.4492,0.2491,0.0508,14735054
0.0515,0.0504,0.5971,0.0982,0.2028,14735049
0.0492,0.0989,0.5502,0.1017,0.2001,14735049
0.0489,0.1539,0.4981,0.1005,0.1986,14735049
0.0474,0.2986,0.4026,0.1012,0.1502,14735049
0.048,0.4503,0.2511,0.0978,0.1529,14735049
0.1513,0.4029,0.1507,0.1478,0.1473,14735046
0.0936,0.4009,0.0499,0.4041,0.0515,14735039
0.051,0.2495,0.4497,0.1025,0.1473,14734281
0.0987,0.2961,0.3021,0.152,0.151,14734281
0.0979,0.4014,0.2502,0.1004,0.15,14734278
0.3504,0.0491,0.0516,0.3997,0.1491,14734266
0.3995,0.0991,0.1016,0.2993,0.1005,14734250
0.0995,0.348,0.3026,0.0981,0.1518,14733766
0.0512,0.047,0.7031,0.0997,0.0991,14733764
0.0978,0.4021,0.35,0.0508,0.0993,14733764
0.1506,0.4484,0.1499,0.1011,0.15,14733761
0.1996,0.3487,0.251,0.0508,0.1499,14733759
0.546,0.1006,0.1543,0.0989,0.1002,14733749
0.452,0.045,0.2008,0.149,0.1532,14733741
0.15,0.3998,0.2002,0.1007,0.1494,14732993
0.0498,0.0971,0.5982,0.1013,0.1536,14732991
0.5461,0.0501,0.2004,0.1011,0.1023,14732469
0.2513,0.0994,0.2995,0.1498,0.1999,14731713
0.152,0.1501,0.5012,0.0492,0.1475,14731711
0.1502,0.35,0.3467,0.0514,0.1017,14730945
0.1988,0.3012,0.3017,0.0473,0.151,14730940
0.2007,0.2006,0.3016,0.0985,0.1986,14730935
0.2,0.1497,0.3528,0.0979,0.1996,14730421
0.1517,0.3009,0.3018,0.0966,0.149,14729653
0.199,0.0501,0.449,0.1019,0.2,14729650
0.1995,0.0997,0.4003,0.0988,0.2017,14729650
0.2498,0.0999,0.3486,0.1006,0.2011,14729650
0.2005,0.1,0.4486,0.0995,0.1514,14728365
0.1003,0.2468,0.0529,0.4519,0.1482,14540241
0.0496,0.4983,0.0542,0.151,0.2469,14540238
0.1515,0.1997,0.054,0.449,0.1459,14540238
0.0504,0.0495,0.0494,0.6488,0.2018,14539729
0.0531,0.1951,0.1515,0.4464,0.1539,14539729
0.0507,0.249,0.0521,0.4998,0.1484,14539726
0.0514,0.2989,0.0464,0.504,0.0993,14539726
0.0995,0.0511,0.0472,0.6521,0.1501,14539726
0.0988,0.1999,0.0522,0.5483,0.1008,14539726
0.1012,0.3479,0.0505,0.4482,0.0521,14539721
0.1514,0.2508,0.0475,0.4516,0.0988,14539721
0.2008,0.1493,0.0482,0.4506,0.151,14539718
0.1988,0.3523,0.0994,0.2993,0.0502,14539718
0.2477,0.3978,0.0495,0.1525,0.1525,14539718
0.0492,0.1524,0.1989,0.4485,0.151,14538961
0.0503,0.5515,0.0999,0.1467,0.1517,14538961
0.0494,0.0998,0.2449,0.4537,0.1522,14538958
0.0512,0.2002,0.0529,0.5452,0.1506,14538958
0.0486,0.4001,0.0522,0.4517,0.0474,14538958
0.1008,0.4502,0.0985,0.3012,0.0493,14538958
0.0973,0.2489,0.0538,0.4992,0.1009,14538956
0.1013,0.4014,0.0976,0.3495,0.0503,14538956
0.2012,0.0486,0.0476,0.5508,0.1519,14538950
0.2003,0.1485,0.0507,0.4991,0.1014,14538948
0.2988,0.1007,0.0499,0.4497,0.1009,14538945
0.3009,0.3502,0.0509,0.1476,0.1503,14538945
0.051,0.0507,0.3027,0.4484,0.1473,14538446
0.0502,0.3491,0.054,0.4489,0.0978,14538446
0.0515,0.3972,0.0469,0.4041,0.1004,14538446
0.1501,0.5461,0.0531,0.0997,0.151,14538441
0.0978,0.2966,0.0527,0.502,0.0509,14538438
0.1001,0.2992,0.0484,0.4514,0.1009,14538436
0.1501,0.4479,0.1015,0.2494,0.0512,14538431
0.2472,0.3005,0.1042,0.2984,0.0497,14538428
0.301,0.1016,0.0511,0.3957,0.1506,14538423
0.3984,0.2488,0.0512,0.1497,0.1519,14538421
0.1056,0.0512,0.5977,0.0976,0.1478,14537676
0.0482,0.15,0.5014,0.2505,0.0499,14537673
0.149,0.5004,0.0979,0.1016,0.1511,14537670
0.052,0.2017,0.4984,0.1011,0.1468,14537668
0.2036,0.4004,0.0493,0.1469,0.1998,14537668
0.1469,0.3501,0.2024,0.1508,0.1497,14537665
0.052,0.2986,0.0507,0.1995,0.3992,14537663
0.2993,0.0477,0.0535,0.4464,0.1531,14537660
0.199,0.4538,0.0479,0.1482,0.1512,14537653
0.4514,0.1975,0.0524,0.1484,0.1503,14537653
0.1005,0.1009,0.5449,0.103,0.1507,14537161
0.0999,0.5019,0.0974,0.1485,0.1523,14537161
0.0995,0.5486,0.049,0.1534,0.1496,14537161
0.0987,0.1525,0.5003,0.1,0.1486,14537158
0.0975,0.2492,0.3512,0.1505,0.1516,14537158
0.0513,0.1511,0.5528,0.0984,0.1463,14537156
0.0997,0.3003,0.3009,0.1002,0.199,14537153
0.1482,0.3006,0.2509,0.0989,0.2015,14537151
0.1496,0.298,0.2501,0.1538,0.1486,14537151
0.1508,0.2501,0.2999,0.1468,0.1524,14537148
0.1501,0.3993,0.0995,0.301,0.0501,14537141
0.0996,0.1525,0.4484,0.1479,0.1515,14536390
0.1009,0.2013,0.396,0.1515,0.1503,14536390
0.1038,0.3483,0.251,0.1498,0.1472,14536390
0.0986,0.4022,0.199,0.1485,0.1517,14536390
0.1015,0.45,0.1478,0.1492,0.1514,14536390
0.0987,0.3486,0.4018,0.0531,0.0977,14536385
0.1461,0.1989,0.3512,0.1511,0.1526,14536378
0.1502,0.0989,0.4518,0.1486,0.1504,14535876
0.1484,0.2049,0.5006,0.0482,0.0978,14535873
0.0997,0.1978,0.5012,0.0488,0.1526,14535871
0.0999,0.2503,0.35,0.0984,0.2014,14535868
0.0993,0.3013,0.4473,0.052,0.1002,14535868
0.1503,0.2466,0.2981,0.1017,0.2033,14535868
0.1506,0.1517,0.3996,0.1494,0.1488,14535863
0.1516,0.1004,0.598,0.0492,0.1008,14535105
0.1502,0.1479,0.5518,0.0504,0.0997,14535103
0.1524,0.2511,0.4481,0.0509,0.0975,14535103
0.1496,0.096,0.5557,0.0465,0.1522,14534335
0.1487,0.2987,0.4005,0.0506,0.1015,14533820
0.252,0.0504,0.3993,0.0982,0.2002,14531757
0.0503,0.4994,0.0999,0.15,0.2005,14408652
0.051,0.551,0.0487,0.152,0.1973,14408652
0.0991,0.5049,0.0447,0.1491,0.2021,14408652
0.0466,0.1548,0.1444,0.5015,0.1527,14407886
0.0517,0.2491,0.0506,0.5472,0.1014,14407886
0.0479,0.3508,0.0522,0.1985,0.3506,14407884
0.1006,0.2479,0.1527,0.4016,0.0972,14407884
0.1505,0.1491,0.0489,0.5525,0.099,14407878
0.2011,0.2974,0.1513,0.2987,0.0515,14407878
0.2493,0.0991,0.0478,0.4518,0.1521,14407873
0.0538,0.0522,0.0501,0.7935,0.0504,14407372
0.0499,0.1028,0.0518,0.6472,0.1484,14407372
0.0525,0.0504,0.2484,0.5001,0.1486,14407369
0.0497,0.15,0.0464,0.6054,0.1485,14407369
0.0489,0.1988,0.0515,0.6006,0.1002,14407369
0.0469,0.4521,0.0975,0.3524,0.051,14407369
0.0496,0.5008,0.1004,0.2992,0.05,14407369
0.0495,0.4505,0.1517,0.1469,0.2015,14407366
0.1011,0.4524,0.101,0.1477,0.1978,14407366
0.1535,0.2002,0.097,0.4501,0.0991,14407366
0.1479,0.3493,0.0979,0.3545,0.0505,14407366
0.2002,0.1009,0.0514,0.5477,0.0998,14407364
0.1995,0.2993,0.0995,0.3519,0.0498,14407364
0.3489,0.3006,0.0543,0.1487,0.1474,14407356
0.0504,0.1009,0.3501,0.3968,0.1017,14406604
0.0486,0.3993,0.1996,0.1504,0.2022,14406596
0.25,0.0497,0.0516,0.5474,0.1013,14406596
0.0476,0.3496,0.052,0.5011,0.0498,14406593
0.1002,0.3003,0.0995,0.4045,0.0954,14406593
0.101,0.4015,0.1489,0.1488,0.1999,14406593
0.2531,0.2471,0.1,0.3489,0.051,14406591
0.3005,0.2014,0.0992,0.3503,0.0487,14406588
0.3991,0.1999,0.0998,0.1478,0.1533,14406578
0.0498,0.3978,0.1524,0.1988,0.2013,14406089
0.05,0.0505,0.5505,0.2989,0.0501,14406086
0.0541,0.2459,0.3507,0.1511,0.1982,14406084
0.1961,0.3522,0.0987,0.1532,0.1999,14406079
0.199,0.2496,0.2001,0.1515,0.1998,14405313
0.449,0.1499,0.1024,0.1512,0.1476,14405301
0.4508,0.0509,0.0992,0.2002,0.199,14405295
0.0988,0.2989,0.3497,0.0994,0.1532,14404801
0.1486,0.0559,0.4979,0.1498,0.1478,14404801
0.1952,0.2006,0.2515,0.1545,0.1981,14404801
0.2538,0.1995,0.2015,0.1449,0.2003,14404801
0.1992,0.3012,0.1501,0.1476,0.2018,14404796
0.1504,0.0508,0.6476,0.0519,0.0993,14404033
0.1975,0.1474,0.3031,0.1516,0.2004,14404031
0.0994,0.1505,0.5516,0.0495,0.149,14404028
0.1544,0.3006,0.1989,0.1475,0.1986,14404028
0.0513,0.1013,0.0495,0.2496,0.5483,14404003
0.1471,0.2017,0.3491,0.1045,0.1976,14403258
0.1503,0.2527,0.2504,0.1478,0.1988,14403258
0.1993,0.1002,0.3482,0.1513,0.201,14402751
0.1502,0.0499,0.5976,0.0509,0.1514,14402748
0.1508,0.1516,0.4011,0.0976,0.1989,14402743
0.4482,0.0505,0.1024,0.2979,0.101,14402707
0.202,0.0518,0.3975,0.1491,0.1996,14401980
0.0478,0.0507,0.1016,0.5966,0.2031,14210764
0.0495,0.0998,0.1999,0.4996,0.1511,14210764
0.0498,0.053,0.0509,0.6974,0.1488,14210761
0.0473,0.1503,0.0484,0.6538,0.1002,14210761
0.1026,0.0511,0.0513,0.5961,0.199,14210758
0.0509,0.2995,0.1474,0.3978,0.1044,14209996
0.05,0.0496,0.0989,0.6488,0.1528,14209993
0.0497,0.1495,0.1029,0.5508,0.1471,14209993
0.0518,0.2002,0.1003,0.5482,0.0995,14209993
0.0527,0.2489,0.0998,0.4978,0.1008,14209993
0.0506,0.448,0.1029,0.1998,0.1986,14209993
0.0485,0.451,0.1485,0.3013,0.0507,14209993
0.0461,0.5022,0.0515,0.2012,0.199,14209993
0.1029,0.1993,0.0979,0.4996,0.1003,14209990
0.1019,0.2521,0.1003,0.4472,0.0986,14209990
0.0986,0.4013,0.0969,0.2011,0.2021,14209990
0.1002,0.4031,0.1489,0.2987,0.049,14209990
0.1018,0.4497,0.0488,0.2014,0.1983,14209990
0.1525,0.3997,0.0489,0.201,0.1978,14209990
0.1488,0.1478,0.101,0.5022,0.1003,14209988
0.1488,0.3521,0.1488,0.2979,0.0524,14209988
0.1528,0.1007,0.0965,0.5488,0.1012,14209985
0.15,0.303,0.0972,0.4012,0.0487,14209985
0.1526,0.2997,0.152,0.3486,0.0472,14209985
0.0478,0.3989,0.198,0.3025,0.0527,14209484
0.0506,0.0479,0.3999,0.3987,0.1029,14209481
0.1011,0.3527,0.1499,0.3476,0.0487,14209478
0.1985,0.2015,0.2009,0.3497,0.0494,14209471
0.2036,0.2487,0.1485,0.3504,0.0487,14209471
0.0991,0.351,0.1035,0.3964,0.05,14209468
0.15,0.2996,0.1995,0.2991,0.052,14209468
0.2494,0.2,0.1502,0.3507,0.0497,14209468
0.4019,0.1499,0.0503,0.1999,0.198,14209466
0.0487,0.3503,0.2018,0.2,0.1993,14208713
0.0504,0.4005,0.0963,0.4028,0.05,14208713
0.0495,0.3006,0.0996,0.4465,0.1038,14208710
0.048,0.3509,0.102,0.3991,0.1001,14208710
0.15,0.4525,0.048,0.1492,0.2003,14208708
0.0502,0.1977,0.4009,0.1503,0.201,14208705
0.0521,0.2511,0.3994,0.1003,0.1971,14208705
0.0498,0.3512,0.2497,0.1505,0.1988,14208705
0.0527,0.2029,0.4461,0.1001,0.1982,14208703
0.1022,0.3497,0.1995,0.1491,0.1996,14208703
0.3483,0.2015,0.0486,0.2012,0.2004,14208690
0.1018,0.2989,0.2511,0.1476,0.2005,14208193
0.1499,0.4012,0.1004,0.1522,0.1964,14208193
0.1012,0.1982,0.4048,0.0966,0.1992,14207423
0.1472,0.3545,0.1479,0.1508,0.1996,14207423
0.0965,0.2497,0.452,0.0497,0.1521,14207420
0.4479,0.0997,0.1488,0.1502,0.1533,14207397
0.1006,0.1502,0.4482,0.0984,0.2027,14206655
0.2481,0.0482,0.2501,0.1994,0.2542,14206655
0.0959,0.1013,0.6051,0.0481,0.1496,14206652
0.2506,0.1531,0.2479,0.1467,0.2017,14206652
0.153,0.2492,0.3454,0.1029,0.1495,14205370
0.1517,0.1992,0.2982,0.1486,0.2022,14205367
0.1529,0.0958,0.4483,0.1036,0.1994,14205365
0.1981,0.1004,0.301,0.1504,0.2501,14205365
0.2,0.0492,0.3517,0.1488,0.2502,14204850
0.1989,0.0524,0.4988,0.0994,0.1505,14204069
0.0503,0.1011,0.0505,0.5974,0.2006,14079689
0.0498,0.3985,0.0517,0.2007,0.2993,14079686
0.0472,0.4476,0.0508,0.2021,0.2523,14078916
0.0974,0.3021,0.0989,0.4508,0.0508,14078913
0.049,0.0494,0.1477,0.6057,0.1482,14078406
0.0508,0.0999,0.1016,0.5994,0.1484,14078406
0.0507,0.3493,0.1012,0.4507,0.048,14078406
0.0498,0.0499,0.497,0.1511,0.2522,14078404
0.0496,0.1504,0.0962,0.604,0.0998,14078404
0.0459,0.302,0.0514,0.5512,0.0495,14078404
0.0981,0.1015,0.097,0.5995,0.1039,14078404
0.1003,0.1512,0.0999,0.5486,0.1001,14078404
0.1004,0.1972,0.1501,0.4507,0.1017,14078404
0.1978,0.3498,0.047,0.2032,0.2022,14078401
0.252,0.2989,0.0478,0.2006,0.2007,14078396
0.0484,0.1505,0.4521,0.1507,0.1983,14077633
0.2472,0.1504,0.1512,0.4018,0.0494,14077626
0.2991,0.2519,0.05,0.2006,0.1984,14077623
0.0994,0.3525,0.1489,0.1987,0.2006,14077126
0.1019,0.3487,0.2019,0.2983,0.0491,14077124
0.0472,0.2985,0.3026,0.1505,0.2013,14077121
0.0513,0.0997,0.4983,0.1499,0.2008,14077119
0.1009,0.3009,0.1503,0.3984,0.0495,14077111
0.0481,0.152,0.0458,0.2495,0.5046,14077106
0.3496,0.1478,0.1,0.2027,0.1998,14077103
0.0509,0.3974,0.1482,0.3538,0.0498,14076353
0.0988,0.0989,0.4003,0.2006,0.2013,14076353
0.1006,0.2979,0.2016,0.1999,0.2,14076353
0.0979,0.251,0.3011,0.1512,0.1988,14076351
0.1006,0.2515,0.3997,0.0992,0.149,14076348
0.1026,0.1461,0.3522,0.1983,0.2008,14075583
0.1014,0.1982,0.2994,0.1977,0.2033,14075583
0.1017,0.2519,0.247,0.1975,0.2019,14075583
0.1498,0.0495,0.5513,0.0976,0.1517,14075583
0.1501,0.101,0.3489,0.2012,0.1987,14075573
0.1011,0.0518,0.6465,0.0506,0.15,14075068
0.1453,0.0519,0.4013,0.2011,0.2004,14075061
0.1474,0.1991,0.4017,0.1029,0.1489,14073786
0.1477,0.0527,0.4965,0.1038,0.1994,14073013
0.1477,0.1514,0.352,0.1466,0.2023,14071725
0.0495,0.4032,0.0993,0.1969,0.2511,13882305
0.0513,0.1031,0.1519,0.5457,0.148,13881796
0.0999,0.403,0.0488,0.2012,0.2471,13881793
0.0501,0.0993,0.1045,0.6476,0.0984,13881028
0.0513,0.1982,0.1493,0.498,0.1032,13881028
0.0511,0.2473,0.1496,0.4512,0.1008,13881028
0.0508,0.3984,0.0487,0.2502,0.2519,13881025
0.0985,0.0478,0.1525,0.5989,0.1023,13881025
0.0996,0.1009,0.2017,0.4971,0.1007,13881025
0.0978,0.148,0.1507,0.5011,0.1024,13881025
0.0542,0.1991,0.05,0.2501,0.4466,13881023
0.0499,0.3484,0.1522,0.1981,0.2514,13881023
0.0976,0.1026,0.1486,0.554,0.0972,13881023
0.0992,0.2526,0.0985,0.5006,0.0491,13881023
0.0958,0.2517,0.1515,0.4497,0.0514,13881023
0.0984,0.3481,0.05,0.2487,0.2547,13881023
0.0976,0.354,0.1027,0.1974,0.2483,13881023
0.1508,0.2484,0.2003,0.3514,0.0491,13881023
0.1491,0.2466,0.1517,0.4015,0.0511,13881020
0.1995,0.1962,0.1527,0.4002,0.0514,13881018
0.048,0.3014,0.15,0.251,0.2496,13880513
0.0507,0.2994,0.1502,0.4474,0.0524,13880513
0.0506,0.3461,0.0992,0.251,0.2531,13880513
0.0495,0.1498,0.149,0.5524,0.0993,13880511
0.0491,0.1494,0.3532,0.2001,0.2481,13880511
0.0511,0.0484,0.5487,0.1502,0.2017,13880508
0.052,0.2984,0.0995,0.4967,0.0533,13880508
0.1007,0.3022,0.0992,0.2454,0.2526,13880508
0.0999,0.2994,0.1497,0.2007,0.2503,13880508
0.1967,0.1521,0.1989,0.3989,0.0534,13880506
0.0519,0.3497,0.1465,0.4008,0.0511,13879748
0.0502,0.2491,0.1997,0.2491,0.252,13879745
0.1511,0.3507,0.0484,0.1997,0.2502,13879745
0.0985,0.2484,0.1535,0.2491,0.2505,13879738
0.1995,0.2506,0.0968,0.2003,0.2529,13879738
0.3518,0.052,0.1007,0.2484,0.2471,13879738
0.4,0.1013,0.0985,0.202,0.1982,13879730
0.0974,0.0484,0.4509,0.1991,0.2042,13878975
0.0992,0.1997,0.351,0.1519,0.1982,13878972
0.1524,0.3003,0.0999,0.2006,0.2468,13878972
0.1987,0.2001,0.1515,0.1996,0.2501,13878972
0.1011,0.1516,0.3983,0.1513,0.1976,13878458
0.1491,0.2502,0.1491,0.1986,0.2529,13878458
0.0994,0.1477,0.3501,0.1533,0.2495,13878455
0.1026,0.1993,0.4495,0.0987,0.1499,13878455
0.1533,0.1474,0.3026,0.1477,0.249,13878455
0.1515,0.1012,0.5001,0.0966,0.1506,13877692
0.1478,0.205,0.1994,0.2002,0.2475,13877687
0.1492,0.1476,0.2522,0.1997,0.2514,13877682
0.1494,0.0995,0.3545,0.1489,0.2477,13877173
0.1511,0.0979,0.2998,0.2023,0.2489,13877170
0.151,0.1479,0.4507,0.1021,0.1483,13876407
0.1499,0.0986,0.4013,0.1526,0.1976,13875880
0.0519,0.1977,0.1987,0.4473,0.1044,13749444
0.0503,0.1008,0.1491,0.6038,0.0961,13749441
0.0498,0.0541,0.1485,0.6467,0.1008,13749439
0.0483,0.2497,0.1018,0.5496,0.0507,13749439
0.0989,0.2495,0.249,0.3514,0.0512,13749439
0.1502,0.1959,0.2023,0.4032,0.0484,13749434
0.0463,0.3,0.2537,0.3505,0.0495,13748673
0.1003,0.2021,0.1997,0.2494,0.2485,13748671
0.0532,0.102,0.3995,0.197,0.2482,13748668
0.051,0.2479,0.2511,0.2002,0.2499,13748668
0.1008,0.2001,0.1476,0.4971,0.0544,13748668
0.0979,0.1997,0.2028,0.4511,0.0485,13748668
0.097,0.2502,0.2014,0.4014,0.0499,13748668
0.0521,0.098,0.4506,0.1487,0.2505,13748666
0.2008,0.1018,0.1974,0.4511,0.0489,13748666
0.0984,0.3011,0.198,0.3517,0.0508,13748663
0.15,0.3019,0.0495,0.2507,0.2478,13748658
0.0502,0.1486,0.4,0.1502,0.251,13747900
0.0972,0.0974,0.301,0.2523,0.2521,13747900
0.1015,0.1521,0.2502,0.2491,0.2471,13747900
0.0983,0.2495,0.2009,0.2008,0.2505,13747895
0.3488,0.101,0.0503,0.2499,0.25,13747887
0.049,0.3486,0.2013,0.3515,0.0496,13747388
0.1987,0.1542,0.198,0.1991,0.25,13747388
0.0972,0.0998,0.4017,0.1512,0.2501,13747386
0.101,0.1998,0.2514,0.1993,0.2486,13747383
0.4002,0.0518,0.1507,0.2014,0.196,13747378
0.1016,0.0543,0.4493,0.1483,0.2465,13746618
0.1005,0.048,0.551,0.0989,0.2017,13746618
0.1032,0.0964,0.4528,0.1493,0.1982,13746618
0.1989,0.0996,0.2522,0.1971,0.2522,13746618
0.2032,0.051,0.2999,0.1992,0.2467,13745338
0.1496,0.0503,0.3975,0.1536,0.249,13745333
0.1511,0.0532,0.3479,0.1981,0.2497,13745327
0.0484,0.2499,0.0491,0.252,0.4007,13553345
0.0515,0.2988,0.0512,0.2512,0.3473,13553343
0.0503,0.299,0.0996,0.2511,0.3,13552828
0.0485,0.3515,0.0485,0.2521,0.2994,13552828
0.1017,0.3004,0.0519,0.2494,0.2967,13552826
0.0531,0.0493,0.2011,0.596,0.1005,13552060
0.0533,0.1001,0.2016,0.5438,0.1011,13552060
0.0494,0.1492,0.1994,0.4991,0.103,13552060
0.0465,0.251,0.1993,0.454,0.0493,13552060
0.0508,0.2984,0.2008,0.2015,0.2485,13552060
0.1503,0.1474,0.251,0.4023,0.049,13552058
0.2042,0.2482,0.0467,0.2496,0.2514,13552055
0.25,0.1998,0.0499,0.2514,0.249,13552053
0.0478,0.2993,0.2054,0.3976,0.0499,13551295
0.0527,0.0508,0.4466,0.1992,0.2507,13551292
0.0522,0.1972,0.3001,0.1995,0.251,13551292
0.0526,0.2484,0.0968,0.2997,0.3025,13551292
0.051,0.2489,0.1538,0.2464,0.2999,13551290
0.0488,0.25,0.1501,0.5029,0.0481,13551290
0.1494,0.0971,0.2518,0.4506,0.051,13551290
0.1478,0.1493,0.2021,0.4496,0.0512,13551287
0.3012,0.1494,0.0469,0.2521,0.2505,13551277
0.1031,0.0465,0.3507,0.2485,0.2511,13550780
0.3006,0.1006,0.0994,0.249,0.2503,13550765
0.0999,0.1515,0.3017,0.1965,0.2504,13550007
0.1528,0.1493,0.1498,0.2489,0.2992,13550005
0.103,0.1002,0.5018,0.0945,0.2004,13549493
0.0969,0.0972,0.2537,0.2535,0.2987,13549490
0.1518,0.101,0.1986,0.2517,0.297,13549490
0.048,0.0979,0.0482,0.3043,0.5016,13420993
0.0478,0.0482,0.2511,0.5508,0.102,13420220
0.0489,0.0981,0.2507,0.5035,0.0988,13420220
0.0503,0.2025,0.148,0.2984,0.301,13420220
0.0489,0.199,0.1483,0.5527,0.0512,13420218
0.0496,0.1998,0.2522,0.4512,0.0471,13420218
0.05,0.2503,0.2515,0.3996,0.0487,13420218
0.0995,0.1471,0.2009,0.5013,0.0511,13420218
0.0985,0.2003,0.2495,0.4002,0.0516,13420218
0.0996,0.2523,0.0983,0.2516,0.2983,13420215
0.1491,0.099,0.2013,0.5009,0.0496,13420215
0.151,0.1995,0.0508,0.3002,0.2986,13420215
0.0492,0.0505,0.049,0.3002,0.5511,13420210
0.0517,0.0493,0.3482,0.2504,0.3004,13419711
0.0521,0.149,0.1993,0.3011,0.2986,13419708
0.0492,0.1522,0.251,0.2493,0.2982,13419706
0.0481,0.2014,0.2004,0.2508,0.2994,13419706
0.0497,0.1989,0.1999,0.5011,0.0505,13419703
0.0975,0.1494,0.2491,0.4526,0.0515,13419703
0.1012,0.1494,0.3019,0.4003,0.0473,13419703
0.0973,0.1987,0.1531,0.2478,0.3031,13419703
0.0525,0.2994,0.0498,0.2986,0.2997,13418938
0.1006,0.0496,0.3995,0.2011,0.2491,13418938
0.1507,0.25,0.0506,0.2478,0.3009,13418938
0.1505,0.1984,0.1043,0.2483,0.2985,13418935
0.1015,0.0465,0.2509,0.3,0.3011,13418933
0.099,0.0502,0.4991,0.1506,0.201,13418421
0.1511,0.049,0.4522,0.149,0.1987,13417655
0.1022,0.0511,0.3476,0.1998,0.2993,13417653
0.1482,0.05,0.2996,0.2015,0.3006,13417653
0.0527,0.1511,0.0483,0.3001,0.4479,13224380
0.0501,0.2017,0.0506,0.297,0.4006,13223610
0.0508,0.25,0.0521,0.2968,0.3503,13223610
0.0486,0.1503,0.2008,0.5515,0.0488,13223098
0.0505,0.1984,0.2984,0.4027,0.05,13223098
0.0467,0.1982,0.0499,0.3531,0.3521,13223095
0.1016,0.0964,0.2499,0.5013,0.0507,13223095
0.1995,0.1485,0.0531,0.301,0.2979,13223090
0.0476,0.1033,0.2968,0.2506,0.3017,13222330
0.0981,0.0505,0.2494,0.5514,0.0506,13222327
0.1031,0.0507,0.298,0.4991,0.049,13222327
0.0991,0.1043,0.2981,0.4486,0.0499,13222327
0.0481,0.1468,0.2539,0.5021,0.0492,13222325
0.2492,0.098,0.0478,0.3003,0.3048,13222317
0.0515,0.0515,0.3981,0.2004,0.2984,13221815
0.1015,0.0995,0.3502,0.1999,0.2489,13221815
0.2993,0.0515,0.0475,0.3,0.3018,13221805
0.298,0.0503,0.1517,0.25,0.2499,13221805
0.1505,0.0518,0.2471,0.2515,0.2991,13221047
0.0975,0.0999,0.1492,0.3012,0.3522,13221045
0.0949,0.1493,0.2032,0.2508,0.3018,13221045
0.1003,0.0471,0.1981,0.302,0.3526,13221042
0.0487,0.0497,0.0507,0.3486,0.5023,13026490
0.0526,0.2023,0.0987,0.3007,0.3456,13026487
0.0983,0.1956,0.0518,0.2994,0.3549,13026487
0.0506,0.0503,0.1964,0.3532,0.3495,13025722
0.0497,0.0957,0.2023,0.3027,0.3496,13025719
0.0498,0.1001,0.2503,0.5468,0.053,13025719
0.0499,0.0997,0.3019,0.4998,0.0488,13025719
0.0521,0.1509,0.1487,0.3015,0.3469,13025719
0.0492,0.1507,0.3008,0.4476,0.0516,13025717
0.104,0.1495,0.0515,0.3479,0.3471,13025717
0.0511,0.1,0.1504,0.3489,0.3495,13025210
0.0513,0.1528,0.0991,0.3454,0.3513,13025207
0.0507,0.0509,0.2981,0.5506,0.0497,13025205
0.1518,0.0967,0.0993,0.3003,0.3519,13025205
0.2508,0.0484,0.1035,0.298,0.2993,13025197
0.1004,0.0474,0.3013,0.2513,0.2995,13024439
0.204,0.0501,0.2007,0.2483,0.2969,13024439
0.0993,0.1502,0.0996,0.3034,0.3474,13024437
0.1485,0.0465,0.1535,0.3005,0.3509,13024434
0.048,0.1022,0.0493,0.3522,0.4482,12894650
